
==================================================
Matrice creata:
[[ 0  8 74 56 20]
 [10 94 66 42 12]
 [33 37 11 61 90]
 [92 78 94 80 96]]

==================================================
Sottomatrice centrale:
[[94 66 42]
 [37 11 61]
 [78 94 80]]

==================================================
Matrice trasposta:
[[ 0 10 33 92]
 [ 8 94 37 78]
 [74 66 11 94]
 [56 42 61 80]
 [20 12 90 96]]

==================================================
Somma elementi: 1054

==================================================
Matrice creata:
[[92 84 93 61  1  6 20]
 [79 44 51 48 23 35 57]
 [42 67 93 62 30 71 65]
 [52 46 30  4 17 69 97]
 [78 41 27 23 94 68 44]]

==================================================
Media: 51.82857142857143

==================================================
Seconda matrice:
[[29 58 59 69 46 18 21]
 [36 38  0 93 48 98 29]
 [83 72 63 51 69 86 95]
 [37 35 25 92 39 42  4]
 [68 89  2 57  4 28 22]]

Risultato moltiplicazione element-wise:
[[2668 4872 5487 4209   46  108  420]
 [2844 1672    0 4464 1104 3430 1653]
 [3486 4824 5859 3162 2070 6106 6175]
 [1924 1610  750  368  663 2898  388]
 [5304 3649   54 1311  376 1904  968]]

==================================================
Matrice creata:
[[14 50 92  3 93 70 11  6]
 [ 2 89 90 85 45 11 54 13]
 [35 94 53 98 10 63 48 68]
 [12  6 49 28 73 64 57 90]
 [47 67 88 42 75 82 14 13]]

==================================================
Matrice creata:
[[51 31 24]
 [45  9 41]
 [ 6 34 89]
 [55 58 80]
 [ 0 79 41]]

==================================================
Media: 42.86666666666667

==================================================
Matrice creata:
[[70  7 84 80 52]
 [61 83 43 47 30]
 [93 28 89  1  8]
 [24 69 12 79 95]
 [28 72 17 61 69]]

==================================================
Determinante: -107858597.9999999

==================================================
Seconda matrice:
[[23 43 93 49 12]
 [ 4 99 64 42 54]
 [97 55  2 20 40]
 [96 67 75  9  8]
 [40 27 61 59 87]]

Risultato moltiplicazione element-wise:
[[1610  301 7812 3920  624]
 [ 244 8217 2752 1974 1620]
 [9021 1540  178   20  320]
 [2304 4623  900  711  760]
 [1120 1944 1037 3599 6003]]
